10321
10372
10308
10301
10365
10359
10362
10385
10360
10369
10365
10357
10373
10363
10436
10339
10334
10371
10340
10342
10293
10348
10383
10414
10315
10425
10349
10403
10333
10352
10367
10370
10297
10347
10374
10384
10364
10359
10347
10359
10355
10355
10348
10426
10298
10373
10406
10375
10385
10392
10339
10430
10397
10323
10348
10328
10308
10347
10366
10442
10364
10334
10346
10324
10382
10384
10366
10431
10378
10325
10335
10382
10406
10364
10425
10381
10360
10355
10298
10362
10365
10275
10393
10341
10393
10365
10353
10365
10416
10347
10434
10422
10333
10362
10372
10425
10368
10298
10398
10401
10330
10395
10410
10376
10379
10385
10378
10498
10358
10398
10376
10302
10355
10349
10323
10437
10481
10396
10332
10435
10406
10373
10369
10414
10331
10342
10394
10344
10370
10415
10346
10386
10408
10396
10416
10372
10403
10369
10346
10444
10342
10392
10399
10347
10385
10405
10390
10353
10369
10334
10304
10406
10287
10391
10341
10379
10410
10352
10338
10375