10920
10934
10869
10902
10918
10879
10918
10955
11023
10938
10937
10953
10889
10933
10909
10930
10900
10934
10916
10926
10912
10981
10921
10964
10920
10958
10960
10956
10970
10928
10902
10962
10882
10947
10921
10885
10989
10988
10955
10930
10891
10903
10876
10941
10952
10963
10924
10961
10947
10944
10904
10924
10917
10912
10890
10887
10993
10915
10928
10895
10933
10971
10921
10917
10976
10929
10904
10920
10849
10886
10870
10872
10916
10979
10891
10949
10877
10910
10970
10948
10905
10884
10987
10872
10925
10974
10930
10911
10934
10970
10990
10941
10875
10912
10937
10970
10940
10912
10926
10951
10861
10911
10937
10917
10907
10847
10909
10876
10949
10914
10903
10949
10941
10968
10934
10910
10895
10890
10954
10947
10935
10865
10931
10891
10926
10923
10910
10893
10887
10883
10926
10921
10925
10922
10947
10931
10917
10855
10923
10936
10899
10935
10892
10919
10984
10921
10923
10898
10962
10878
10957
10877
10904
10972
10932
10895
10904
10908
10936
10905
10974
11004
10886
10947
10919
10855
10945
10877
10882
10932
10881
10860
10990
10931
10882
10901
10882