1118
1183
1155
1121
1140
1166
1042
1162
1119
1126
1147
1183
1100
1148
1162
1110
1130
1121
1166
1157
1140
1134
1194
1133
1115
1160
1105
1154
1148
1142
1141
1114
1091
1168
1129
1121
1104
1158
1169
1115
1190
1120
1201
1131
1130
1052
1111
1121
1136
1185
1181
1052
1065
1111
1149
1151
1139
1151
1131
1090
1170
1163
1120
1138
1114
1113
1147
1146
1144
1152
1158
1141
1114
1086
1096
1101
1079
1133
1124
1127
1138
1120
1158
1184
1181
1167
1134
1203
1073
1177
1128
1097
1137
1104
1126
1162
1160
1055
1144
1124
1120
1174
1156
1145
1146
1164
1092
1151
1107
1171
1122
1162
1171
1108
1193
1133
1171
1184
1136
1104
1117
1126
1139
1170
1086
1126
1146
1153
1103
1140
1125
1159
1161
1176
1112
1157
1120
1084
1178
1108
1168
1148
1153
1190
1152
1107
1164
1134
1112
1136
1148
1150
1152
1101
1104
1133
1168
1124
1171
1095
1137
1115
1146
1114
1159
1101
1154
1143
1200
1157
1093
1088
1143
1136
1116
1173
1177
1156
1170
1167
1102
1121
1175
1132
1174
1169
1111
1151
1151
1145
1080
1163
1123
1151
1196
1135
1103
1177
1165
1094
1132
1161
1115
1144
1108
1232
1097
1099
1112
1164
1165
1108
1071
1103
1187
1209
1104
1189
1136
1139
1146
1111
1154
1099
1105
1119
1115
1134
1113
1167
1086
1076
1133
1190
1157
1085
1133
1149
1140
1077
1178
1138
1158
1139
1169
1128
1082
1112
1108
1199
1079
1184
1167
1130
1105
1128
1154
1119
1136
1180
1126
1148
1134
1105
1150
1146
1106
1096
1164
1146
1207
1101
1126
1120
1125
1134
1164
1081
1127
1112
1145
1150
1191
1146
1095
1149
1119
1182
1139
1120
1132
1094
1121
1099
1148
1091
1096
1142
1099
1105
1177
1110
1153
1097
1160
1095
1154
1140
1163
1134
1155
1149
1134
1154
1070
1126
1151
1145
1188
1118
1123
1195
1118
1134
1158
1111
1169
1106
1170
1148
1122
1106
1131
1159
1155
1119
1112
1137
1138
1140
1216
1157
1148
1148
1133
1087
1171
1153
1126
1157
1126
1110
1173
1181
1140
1181
1061
1148
1123
1088
1167
1153
1151
1178
1146
1153
1169
1134
1107
1078
1165
1135
1144
1138
1147
1138
1204
1139
1071
1159
1148
1122
1155
1146
1180
1144
1120
1123
1139
1063
1140
1105
1136
1164
1113
1118
1149
1163
1162
1128
1114
1159
1201
1107
1122
1173
1201
1140
1096
1118
1111
1141
1088
1091
1163
1071
1151
1134
1104
1153
1109
1109
1114
1131
1179
1157
1092
1057
1161
1122
1122
1135
1130
1127
1148
1126
1095
1146
1140
1196
1150
1154
1156
1114
1126
1107
1126
1126
1146
1105
1104
1122
1225
1136
1197
1163
1126
1165
1154
1116
1181
1109
1102
1148
1076
1178
1147
1087
1119
1170
1089
1085
1129
1116
1186
1161
1116
1154
1132
1127
1030
1136
1168
1128
1131
1117
1103
1146
1144
1139
1178
1139
1158
1113
1096
1150
1100
1145
1140
1121
1153
1082
1128
1170
1180
1195
1124
1171
1144
1085
1141
1091
1095
1154
1116
1165
1150
1166
1162
1124
1178
1161
1156
1117
1148
1098
1172
1142
1135
1151
1083
1078
1097
1107
1186
1128
1107
1168
1098
1171
1087
1149
1067
1111
1111
1117
1100
1165
1138
1148
1119
1133
1110
1130
1113
1144
1147
1117
1091
1112
1098
1126
1187
1133
1125
1092
1131
1205
1192
1141
1098
1104
1143
1140
1138
1142
1152
1112
1135
1123
1168
1072
1180
1119
1123
1128
1130
1131
1165
1145
1138
1151
1199
1076
1134
1162
1122
1163
1171
1151
1126
1174
1143
1140
1091
1129
1136
1194
1187
1152
1139
1132
1132
1062
1138
1120
1128
1119
1088
1133
1154
1119
1121
1127
1114
1165
1194
1107
1128
1070
1095
1148
1105
1137
1169
1148
1110
1105
1148
1171
1194
1102
1147
1214
1142
1117
1179
1127
1126
1132
1127
1109
1170
1150
1177
1131
1170
1121
1167
1190
1186
1163
1162
1118
1191
1164
1121
1141
1118
1152
1189
1091
1126
1080
1172
1143
1154
1161
1073
1187
1150
1144
1135
1201
1127
1163
1147
1158
1157
1166
1136
1111
1080
1142
1121
1122
1097
1115
1128
1123
1116
1083
1170
1179
1123
1102
1169
1167
1129
1143
1148
1102
1174
1126
1163
1144
1117
1134
1125
1144
1113
1176
1133
1107
1152
1135
1123
1122
1108
1106
1102
1107
1084
1126
1107
1143
1099
1159
1160
1149
1205
1108
1144
1101
1082
1124
1133
1147
1126
1157
1142
1146
1126
1158
1128
1086
1138
1139
1121
1126
1105
1176
