10288
10289
10394
10255
10314
10292
10272
10223
10315
10273
10320
10246
10318
10344
10352
10296
10341
10324
10340
10319
10366
10306
10316
10376
10319
10347
10344
10317
10294
10347
10321
10310
10305
10326
10316
10377
10408
10284
10352
10298
10365
10325
10283
10337
10388
10308
10311
10342
10380
10279
10344
10295
10316
10274
10360
10341
10316
10374
10361
10338
10297
10359
10326
10326
10309
10317
10351
10275
10300
10271
10358
10363
10340
10341
10238
10297
10301
10336
10359
10260
10319
10365
10304
10317
10370
10355
10319
10325
10354
10335
10350
10361
10315
10316
10328
10300
10350
10312
10325
10317
10334
10358
10295
10258
10335
10298
10314
10405
10298
10395
10315
10353
10304
10346
10302
10371
10312
10300
10308
10349
10353
10286
10367
10340
10299
10365
10298
10305
10384
10320
10280
10323
10313
10320
10361
10287
10354
10353
10269
10279
10347
10329
10324
10318
10331
10314
10292
10349
10282
10346
10270
10305
10350
10318
10293
10315
10266
10369
10264
10337
10294
10342
10287
10324
10285
10358
10331
10332
10362
10290
10385
10302
10246
10303
10319
10362
10319
10343
10292
10310
10305
10341
10313
10382
10338
10319
10376
10358
10333
10344
10348
10376
10333
10328
10298
10303
10303
10345
10272
10331
10336
10361
10333
10347
10325
10282
10333
10339
10269
10366
10287
10361
10324
10348
10336
10295
10331
10349
10378
10287
10305
10324
10252
10353
10339
10319
10298
10334
10220
10276
10294
10311
10304
10281
10334
10368
10297
10385
10285
10345
10347
10302
10397
10298
10317
10323
10352
10340
10260
10288
10345
