10651
10666
10664
10639
10633
10615
10614
10647
10649
10674
10640
10622
10635
10624
10611
10647
10704
10609
10667
10657
10604
10602
10652
10667
10653
10626
10640
10625
10630
10618
10678
10610
10646
10655
10671
10593
10644
10649
10618
10584
10616
10641
10637
10653
10585
10635
10594
10649
10617
10642
10663
10624
10612
10615
10614
10602
10655
10642
10661
10650
10581
10616
10655
10617
10649
10654
10670
10602
10650
10675
10621
10649
10604
10621
10704
10611
10588
10665
10631
10646
10670
10645
10645
10643
10639
10574
10599
10617
10677
10615
10680
10645
10664
10619
10630
10576
10694
10684
10614
10625
10653
10661
10617
10650
10591
10637
10641
10628
10669
10582
10650
10624
10662
10594
10666
10664
10639
10633
10615
10614
10647
10649
10674
10640
10622
10635
10624
10611
10647
10704
10609
10667
10657
10604
10640
10623
10605
10671
10653
10650
10626
10608
10600
10635
10669
10629
10622
10624
10666
10621
10615
10640
10682
10626
10703
10624
10643
10554
10598
10614
10627
10659
10638
10629
10633
10673
10637
10629
10642
10646
10618
10620
10594
10623
10652
10648
10697
10700
10650
10608
10599
10629
10611
10604
10593
10639
10667
10631
10656
10602
10602
10646
10621
10643
10637
10655
10646
10653
10640
10651
10595
10644
10610
10623
10630
10681
10607
10639
10592
10661
10621
10632
10680
10684
10620
10651
10639
10664
10617
10663
10632
10651
10648
10603
10672
10643
10677
10620
10631
10644
10665
10684
10620
10645
10623
10644
10624
10632
10630
10642
10629
10607
10607
10587
10620
10623
10602
10630
10674
10678
10612
10636
10631
10670
10618
10655
10617
10621
10608
10665
10615
10654
10582
10633
10608
10654
10627
10609
10554
10640
10642
10663
10624
10612
10615
10614
10602
10655
10642
10661
10650
10581
10616
10655
10617
10649
10654
10670
10602
10650
10675
10621
10649
10604
10621
10704
10611
10588
10665
10631
10646
10670
10645
10645
10643
10639
10574
10599
10617
10677
10615
10680
10645
10664
10619
10630
10576
10694
10684
10614
10625
10653
10661
10617
10650
10591
10637
10641
10628
10669
10582
10650
10624
10662
10594
10666
10664
10639
10633
10615
10614
10647
10649
10674
10640
10622
10635
10624
10611
10647
10704
10609
10667
10657
10604
10640
10623
10605
10671
10653
10650
10626
10608
10600
10635
10669
10629
10622
10624
10666
10621
10615
10640
10682
10626
10703
10624
10643
10554
10598
10614
10627
10659
10638
10629
10633
10673
10637
10629
10642
10646
10618
10620
10594
10623
10608
10667
10646
10585
10644
10639
10641
10654
10606
10658
10641
10628
10669
10582
10650
10624
10662
10594
10640
10623
10605
10671
10653
10650
10626
10608
10600
10635
10669
10629
10622
10624
10666
10621
10615
10640
10682
10626
10703
10624
10643
10554
10598
10614
10627
10659
10638
10629
10608
10665
10615
10654
10582
10633
10608
10654
10627
10609
10554
10640
10608
10667
10646
10585
10644
10639
10641
10654
10606
10658
10641
10628
10669
10582
10650
10624
10662
10594
10640
10623
10605
10671
10653
10650
10626
10608
10600
10635
10669
10629
10622
10624
10666
10621
10615
10640
10682
10626
10703
10624
10643
10554
10598
10645
10613