10847
10931
10365
11023
10899
10718
10399
10566
10570
10656
11100
10264
10169
10905
10644
10022
10396
11033
10292
10791
10968
10700
11209
10792
11049
10649
10501
11121
10993
10523
11057
10839
10999
10729
11081
10782
10833
10101
10509
10104
10934
11012
11110
10752
10976
10792
10908
10586
10841
11027
10025
11223
10767
10294
11035
11059
10849
10391
10891
10970
11123
10339
11041
10251
10936
10797
10859
10850
10511
10455
10537
10858
11058
10761
11098
11045
11026
11018
11029
10854
10067
11144
11006
10953
10970
11026
10402
10119
10883
11053
10941
10819
10367
10936
10956
10475
10784
10741
11010
10638
10030
11008
10068
10770
10705
10534
10795
10645
10973
10698
10081
11048
10761
10868
10857
11012
10838
11148
11052
11000
10714
10632
10858
10585
10702
10967
10559
11114
10235
10714
10632
10858
10585
10702
10967
10559
11114
10235
11053
10603
10657
10113
10502
10248
10986
10901
10884
11049
10717
10928
10570
10656
11100
10264
10169
10792
11049
10649
10501
11121
10993
10523
11057
10839
10999
10729
11081
10782
10833
10101
10509
10104
10934
11012
11110
10752
10976
10792
10908
10586
10841
11027
10025
11223
10767
10294
11035
11059
10849
10391
10891
10970
11123
10339
11053
10603
10657
10113
10502
10248
10986
10901
10884
11049
10717
10792
11049
10649
10501
11121
10993
10523
11057
10839
10999
10729
11081
10782
10833
10101
10509
10104
10934
11012
11110
10752
10976
10792
10908
10586
10841
11027
10025
11223
10767
10294
11035
11059
10849
10391
10891
10970
11123
10339
10928
10570
10656
11100
10264
10169
10905
10644
10022
10396
11033
10292
10791
10968
10700
11209
10847
10931
10365
11023
10899
10718
10399
10566
10570
10656
11100
10264
10169
10905
10644
10022
10292
10791
10968
10700
11209
10792
11049
10649
10501
11121
10993
10523
11057
10839
10999
10729
11081
10782
10833
10101
10891
10970
11123
10339
11041
10251
10936
10797
10859
10850
10511
10455
10537
10858
11058
10761
11098
11045
11026
11018
11029
10854
10067
11144
11006
10953
10970
11026
10402
10119
10883
11053
10941
10819
10367
10936
10956
10475
10784
10741
11010
10638
10030
11008
10068
10770
10705
10534
10857
11012
10838
11148
11052
11000
10714
10632
10858
10585
10702
10967
10559
11114
10235
10714
10632
10858
10585
10702
10967
10559
11114
10235
11053
10603
10657
10113
10502
10248
10986
10901
10884
11049
10717
10928
10570
10656
11100
10264
10169
10905
10644
10022
10396
11033
10292
10791
10968
10700
11209
10792
11049
10649
10501
11121
10993
10523
11057
10839
10999
10729
11081
10782
10833
10101
10509
10104
10934
11012
11110
10752
10976
10792
10908
10586
10841
11027
10025
11223
10767
10294
11035
11059
10849
10391
10891
10970
11123
10339
11053
10603
10657
10113
10502
10248
10986
10901
10884
11049
10717
10792
11049
10649
10501
11121
10993
10523
11057
10839
10999
10729
11081
10782
10833
10101
10509
10104
10934
11012
11110
10752
10976
10792
10908
10586
10841
11027
10025
11223
10767
10294
11035
11059
10849
10391
10891
10970
11123
10339
10928
10570
10656
11100
10264
10169
10905
10644
10022
10396
11033
10292
10791
10968
10700
11209