14913
14878
14847
14792
14925
14767
14967
14881
14900
14813
14781
14878
14907
14865
14860
14832
14752
14909
14864
14796
14806
14892
14797
14868
14712
14797
14758
14735
14809
14844
14773
14761
14714
14742
14788
14790
14723
14746
14858
14834
14739
14865
14796
14664
14906
14818
14839
14726
14817
14772
14727
14710
14818
14832
14859
14770
14861
14885
14838
14776
14800
14937
14828
14739
14889
14752
14788
14899
14876
14797
14728
14783
14799
14774
14720
14765
14818
14734
14831
14777
14788
14740
14856
14691
14782
14744
14733
14799
14794
14856
14738
14893
14799
14764
14847
14896
14731
14963
14820
14812
14802
14832
14994
14793
14843
14764
15007
14694
14846
14784
14712
14759
14803
14814
14673
14862
14854
14819
14815
14739
14821
14801
14685
14770
14851
14743
14773
14847
14881
14827
14726
14790
14847
14810
14933
14874
14885
14739
14978
14836
14930
14791
14834
14805
14879
14856
14986
14867
14887
14823
14751
14898
14857
14827
14764
14890
14881
14827
14922
14871
14762
14914
14864
14962
14913
14890
14782
14900
14922
14878
14963
15086
14985
14937
15041
14919
14992
14974
15042
14937
15042
15086
14980
15038
15119
15110
15018
15188
15053
14944
15198
15038
15100
14988
14954
15146
15115
15188
15164
15573
=>> PBS: job killed: walltime 144112 exceeded limit 144000
