14366
14416
14419
14449
14468
14357
14368
14355
14350
14327
14462
14351
14381
14336
14393
14413
14380
14357
14424
14273
14409
14317
14332
14456
14339
14328
14411
14362
14297
14274
14349
14268
14437
14374
14285
14278
14319
14312
14232
14356
14357
14398
14333
14386
14401
14281
14338
14395
14336
14354
14288
14296
14246
14278
14268
14351
14325
14353
14352
14337
14309
14344
14283
14381
14420
14355
14368
14398
14262
14428
14254
14301
14339
14266
14249
14370
14318
14290
14359
14367
14373
14294
14420
14350
14366
14367
14338
14377
14307
14297
14311
14357
14321
14352
14321
14318
14277
14301
14403
14251
14281
14279
14317
14341
14388
14287
14348
14245
14328
14382
14395
14307
14283
14299
14307
14273
14294
14302
14349
14362
14363
14303
14347
14298
14331
14346
14343
14372
14283
14307
14374
14408
14407
14229
14347
14322
14280
14345
14291
14201
14342
14277
14376
14278
14302
14342
14279
14317
14362
14308
14322
14261
14351
14307
14306
14324
14340
14354
14285
14256
14370
14313
14323
14263
14357
14360
14368
14323
14342
14264
14317
14302
14254
14302
14373
14279
14257
14225
14298
14356
14185
14312
14341
14270
14250
14288
14310
14346
14252
14262
14350
14228
14282
14254
14277
14274
14277
14219
14263
14192
=>> PBS: job killed: walltime 144120 exceeded limit 144000
