14370
14411
14428
14428
14407
14359
14429
14351
14387
14439
14311
14408
14297
14460
14362
14403
14293
14357
14423
14350
14343
14276
14383
14322
14328
14260
14316
14285
14315
14348
14344
14371
14366
14399
14315
14371
14242
14278
14309
14352
14321
14305
14366
14329
14262
14384
14316
14326
14318
14304
14386
14342
14211
14219
14336
14336
14372
14349
14278
14263
14393
14252
14345
14272
14372
14350
14260
14340
14250
14321
14337
14215
14301
14259
14301
14375
14321
14292
14266
14357
14268
14355
14300
14312
14292
14339
14250
14345
14269
14329
14237
14342
14350
14320
14352
14307
14362
14324
14219
14337
14253
14244
14310
14276
14219
14260
14295
14384
14280
14285
14302
14317
14232
14385
14361
14266
14256
14300
14392
14288
14242
14275
14301
14327
14345
14227
14327
14344
14276
14280
14280
14238
14264
14315
14315
14237
14317
14270
14265
14346
14325
14308
14319
14275
14366
14300
14301
14247
14277
14285
14296
14243
14167
14291
14202
14289
14356
14302
14287
14256
14197
14224
14259
14350
14200
14334
14299
14295
14280
14285
14237
14180
14299
14316
14204
14187
14334
14265
14207
14267
14296
14165
14279
14332
14188
14251
14279
14227
14311
14187
14347
14275
14234
14206
14285
14278
14198
14266
14150
14126
=>> PBS: job killed: walltime 144003 exceeded limit 144000
