15011
14917
14907
14846
14870
14888
14802
14895
14788
14963
14798
14802
14847
14832
14874
14845
14881
14809
14824
14900
14877
14842
14836
14824
14882
14858
14905
14875
14935
14869
14797
14832
14819
14834
14801
14843
14888
14804
14868
14832
14876
14884
14910
14816
14903
14915
14881
14921
14919
14835
14859
14804
14863
14875
14884
14922
14924
14883
14863
14881
14827
14787
14790
14959
14894
14892
14894
14923
14861
14847
14894
14899
14773
14829
14882
14730
14917
14826
14809
14816
14824
14848
14769
14784
14759
14875
14859
14855
14868
14781
14837
14845
14956
14877
14809
14796
14819
14794
14812
14839
14800
14785
14742
14799
14783
14828
14921
14891
14718
14863
14762
14803
14834
14792
14809
14785
14789
14840
14821
14870
14890
14789
14755
14789
14749
14787
14808
14843
14859
14762
14755
14811
14867
14828
14862
14748
14775
14824
14808
14842
14786
14805
14885
14831
14813
14837
14864
14774
14770
14797
14840
14824
14751
14872
14856
14854
14799
14735
14773
14707
14771
14834
14819
14721
14794
14729
14789
14887
14791
14884
14864
14868
14787
14805
14812
14825
14848
14851
14780
14779
14794
14799
14814
14786
14865
14822
14807
14805
14809
14719
14790
14766
14770
14761
14784
14787
14745
14763
14849
14736
=>> PBS: job killed: walltime 144071 exceeded limit 144000
