14948
14880
14936
15001
14963
14971
14874
14994
15017
14918
15010
14904
15009
14922
14937
14936
14953
14893
14944
14976
14866
15021
14912
14901
14969
14935
14956
14987
15037
15002
15046
15030
14974
14966
15038
14925
14979
14953
14998
15058
14923
14963
15052
14909
14887
14964
15037
14889
14954
15113
14914
15064
14969
15014
14950
15039
15003
14980
14900
14933
14871
14960
14983
14988
15006
14925
15024
15103
14953
14999
14959
14847
15011
14964
15095
14958
14847
15004
14904
14963
14900
15001
14934
14934
14993
14966
14959
15053
14989
15041
14943
14968
14964
14960
15094
15049
14901
15097
14926
14954
14953
14951
15035
15014
14963
15022
14963
15047
14996
14976
14960
14903
14919
15020
15159
15050
15045
14994
14952
15024
15085
15028
14992
15010
15045
15032
14944
15034
15140
14926
14989
15047
15056
14974
15066
15120
14954
14939
15009
14968
15016
15018
14933
14997
14996
15031
15017
15029
15017
15034
14964
15031
14999
15103
14985
14965
15051
15032
15064
15038
14954
15105
14997
15017
15028
14985
15076
14966
15025
15070
14959
14959
15026
15017
15068
15060
15049
15057
15066
15027
15013
15070
15036
14989
15081
15044
15042
15034
15000
15040
15134
15069
15027
15000
15066
15017
15110
15053
15014
15045
=>> PBS: job killed: walltime 144105 exceeded limit 144000
