14905
14936
15001
14971
15019
15043
14947
14995
15037
14956
14961
14964
14955
14989
15001
14870
14982
14990
14995
14883
14898
14983
14953
15001
14968
14912
14943
14915
14986
15020
14975
14881
14868
14971
14981
14833
14925
14927
14932
14944
14844
14915
14910
14875
14932
14958
14961
14946
14982
14933
14962
14872
14944
14943
14915
14954
14930
14987
14894
14972
14945
14953
14994
14917
14993
14902
14969
14962
14903
14993
14876
14924
14924
14949
14904
14952
14838
14912
14944
14900
15008
14867
14954
15013
14969
14976
14986
14994
14863
14992
14853
14989
14928
14879
15010
14812
14975
14864
14912
15011
14890
14980
14938
14915
14919
14850
14801
14963
14948
14957
14896
14931
14895
14920
15010
14828
14939
14839
14954
14901
14909
14901
14860
14936
14867
14940
14985
14902
14880
14857
14894
14884
14923
14859
14919
14861
14814
14907
14877
14915
14911
14844
14925
14883
14778
14923
14947
14848
14879
14861
14910
14932
14866
14889
14879
14922
14916
14922
14840
14764
14887
14859
14916
14941
14887
14893
14892
14899
14891
14872
14881
14841
14946
14917
14930
14835
14992
14912
14859
14832
14852
14916
14950
14970
14913
14953
14859
14901
14908
14864
14881
14805
14967
14799
14852
14894
14905
14908
14779
14836
=>> PBS: job killed: walltime 144009 exceeded limit 144000
