15089
14955
14909
14916
14901
14909
14883
15001
15009
15030
14925
14996
14986
14882
14960
14959
14819
14935
14959
14962
14873
14926
14885
14866
14963
14878
14932
14884
14913
14977
14907
14944
14935
14892
14948
14935
14934
14995
14929
14839
15014
14956
14897
15000
14957
14939
14826
14925
14919
14977
14928
14917
14873
14849
14829
14841
14878
14881
14885
14940
14929
14927
14951
14896
14899
14895
14894
14888
14960
14870
14813
14925
14935
14952
14867
14922
14868
14965
14879
14903
14839
14866
14950
14886
14941
14889
14870
14877
14831
14885
14911
14880
14914
14932
14884
14873
14847
14937
14911
14884
14861
14906
14910
14843
14881
14850
14883
14896
14853
14830
14851
14916
14912
14800
14808
14805
14897
14870
14841
14853
14929
14864
14883
14784
14869
14946
14928
14922
14869
14889
14866
14891
14927
14875
14848
14910
14890
14846
14855
14884
14836
14846
14811
14954
14930
14906
14873
14860
14918
14846
14888
14809
14832
14783
14863
14829
14930
14909
14853
14810
14813
14824
14839
14896
14803
14922
14912
14880
14850
14809
14792
14857
14972
14809
14841
14860
14825
14805
14903
14903
14928
14800
14906
14876
14784
14899
14871
14805
14815
14790
14789
14883
14889
14843
14800
14738
14742
14797
14732
14811
=>> PBS: job killed: walltime 144078 exceeded limit 144000
