15685
15592
15581
15600
15534
15562
15630
15566
15491
15582
15587
15521
15557
15547
15523
15563
15496
15607
15548
15575
15578
15554
15520
15666
15536
15509
15521
15589
15561
15560
15545
15559
15470
15479
15522
15630
15576
15598
15554
15593
15492
15585
15617
15557
15566
15578
15572
15475
15480
15502
15566
15582
15518
15506
15556
15519
15455
15532
15488
15546
15574
15586
15513
15508
15606
15484
15641
15557
15499
15489
15539
15507
15595
15520
15499
15519
15516
15373
15496
15578
15575
15451
15526
15504
15531
15558
15555
15582
15512
15537
15622
15471
15527
15505
15513
15429
15538
15530
15556
15491
15521
15531
15466
15480
15500
15521
15518
15553
15475
15478
15522
15482
15535
15522
15501
15471
15451
15427
15450
15529
15450
15518
15484
15513
15437
15495
15544
15614
15515
15541
15542
15528
15538
15471
15496
15492
15538
15512
15525
15500
15503
15495
15497
15489
15428
15468
15523
15567
15522
15489
15479
15506
15561
15502
15503
15498
15495
15518
15550
15544
15485
15493
15538
15450
15485
15504
15467
15522
15407
15485
15383
15414
15510
15447
15492
15498
15455
15526
15493
15414
15495
15466
15514
15575
15451
15421
15557
15470
15512
15446
15505
15441
15436
15460
15486
15451
15438
15504
15576
15404
=>> PBS: job killed: walltime 144071 exceeded limit 144000
