13991
14091
13999
13910
13972
13999
13992
14021
13960
13942
13977
13945
13979
13950
13980
13861
13961
13906
14033
13977
13935
13998
13956
13964
13943
13912
14032
13917
13940
13987
14050
13988
13939
13959
13959
13975
13965
14069
14058
14011
13970
13941
13933
14063
13912
13976
13910
13998
13905
13904
13874
13886
13944
13995
13972
13920
13918
13887
13901
13882
14020
13971
13975
13969
13925
13844
13955
13965
13920
13896
13931
14006
13948
13934
13992
13942
13849
13994
13959
13938
13934
13997
13992
13948
13903
14044
13933
13979
14036
13929
13914
13936
13989
13895
13964
13926
13853
13852
13902
13834
13936
13858
13826
13942
13921
13911
13822
13976
13866
13825
13934
13803
13791
13963
13894
13979
13899
13963
13906
13911
13878
13920
13947
13834
13851
13805
13817
13966
13912
13953
13870
13863
13891
13882
13832
13875
13841
13849
13990
13754
13993
13963
13885
13831
13919
13888
13908
13890
13869
13847
13921
13824
13855
13854
13900
13812
13845
13872
13773
13854
13802
13931
13915
13831
13946
13813
13862
13942
13840
13786
13930
13857
13764
13935
13899
13868
13834
13789
13859
13920
13843
13877
13821
13875
13988
13842
13836
13806
13816
13835
13811
13897
13824
13899
13839
13825
13780
13761
13806
14009
=>> PBS: job killed: walltime 144103 exceeded limit 144000
