14530
14553
14558
14612
14609
14575
14571
14491
14550
14523
14544
14512
14618
14621
14585
14566
14497
14542
14536
14559
14585
14616
14464
14559
14570
14582
14586
14606
14507
14534
14532
14519
14551
14568
14540
14532
14594
14562
14524
14515
14550
14523
14536
14536
14570
14510
14479
14527
14540
14558
14534
14536
14579
14562
14579
14499
14500
14514
14451
14545
14566
14596
14576
14531
14515
14524
14469
14545
14498
14539
14557
14487
14502
14482
14533
14561
14403
14476
14575
14608
14616
14514
14493
14565
14612
14521
14480
14492
14535
14563
14519
14500
14383
14464
14373
14452
14458
14501
14383
14479
14537
14477
14495
14525
14482
14516
14551
14543
14530
14521
14490
14548
14407
14510
14553
14493
14485
14542
14465
14457
14460
14460
14567
14545
14539
14441
14520
14486
14491
14466
14444
14460
14519
14528
14409
14560
14461
14473
14494
14457
14537
14389
14464
14514
14449
14497
14476
14475
14530
14388
14531
14405
14446
14371
14484
14458
14514
14522
14618
14476
14448
14491
14430
14443
14569
14452
14473
14443
14447
14487
14426
14467
14458
14396
14519
14454
14397
14415
14325
14501
14471
14358
14380
14425
14393
14407
14440
14452
14466
14441
14453
14411
14471
14493
14446
14424
14455
14476
14505
14381
14578
14642
14661
14563
14635
14608
14587
14562
14617
14657
14595
14562
14623
14621
14589
14567
14571
14596
14594
14546
14479
14564
14593
14650
14617
14620
14628
14693
14569
14607
14594
14636
14635
14481
14564
14556
14602
14594
14640
14567
14516
14622
14601
14547
14580
14582
14592
14498
14559
14510
14623
14565
14614
14556
14625
14601
14610
14602
14528
14628
14576
14499
14531
14553
14488
14650
14549
14562
14567
14567
14538
14512
14520
14457
14600
14604
14597
14574
14568
14590
14577
14545
14562
14580
14539
14528
14537
14493
14646
14509
14485
14470
14654
14501
14535
14527
14634
14554
14487
14530
14598
14562
14559
14565
14638
14496
14527
14634
14553
14586
14528
14480
14470
14569
14522
14548
14549
14545
14537
14571
14574
14550
14489
14541
14514
14530
14513
14545
14599
14522
14484
14593
14411
14626
14534
14469
14516
14513
14560
14532
14518
14440
14614
14514
14513
14555
14519
14505
14500
14455
14539
14558
14420
14548
14631
14500
14497
14549
14527
14463
14447
14554
14528
14562
14471
14474
14508
14502
14441
14497
14478
14438
14534
14558
14512
14466
14504
14480
14469
14597
14498
14601
14476
14495
14514
14447
14508
14465
14541
14470
14490
14513
14472
14500
14487
14490
14473
14497
14435
14371
14361
14337
14462
14410
14356
14362
14360
14352
14406
14270
14329
14390
14398
14355
14388
14384
14362
14415
14383
14393
14348
14329
14357
14387
14384
14339
14377
14329
14335
14312
14366
14411
14383
14335
14370
14389
14423
14371
14297
14357
14340
14371
14370
14336
14367
14357
14385
14382
14228
14328
14378
14337
14299
14307
14287
14355
14373
14352
14356
14347
14278
14315
14260
14402
14360
14334
14359
14344
14272
14345
14384
14284
14346
14318
14270
14377
14368
14276
14363
14337
14319
14386
14298
14330
14234
14318
14230
14325
14331
14226
14272
14249
14267
14348
14403
14306
14347
14306
14276
14362
14298
14248
14290
14312
14330
14310
14329
14286
14343
14305
14275
14347
14264
14188
14331
14377
14345
14337
14357
14286
14249
14341
14219
14329
14314
14287
14250
14300
14347
14250
14265
14264
14295
14267
14236
14285
14370
14286
14241
14308
14271
14251
14339
14274
14282
14245
14189
14205
14251
14209
14278
14232
14233
14213
14212
14330
14191
14254
14295
14307
14235
14216
14340
14215
14234
14241
14185
14303
14362
14245
14231
14314
14276
14317
14247
14284
14233
14296
14122
14282
14311
14244
14283
14204
14276
14166
14309
14299
14169
14242
14259
14181
14254
14221
14248
14217
14178
14185
14263
14207
14688
14708
14606
14709
14736
14698
14672
14624
14654
14656
14691
14660
14701
14590
14715
14649
14653
14701
14609
14642
14673
14591
14695
14657
14658
14569
14621
14668
14636
14633
14613
14686
14577
14656
14650
14678
14664
14667
14595
14701
14641
14665
14668
14671
14599
14669
14549
14587
14632
14633
14621
14654
14713
14612
14610
14688
14694
14620
14648
14614
14615
14656
14557
14625
14606
14590
14640
14591
14653
14625
14686
14650
14661
14602
14623
14646
14649
14599
14684
14684
14566
14613
14657
14581
14608
14591
14615
14616
14606
14674
14575
14568
14590
14622
14694
14638
14673
14690
14632
14594
14621
14610
14578
14562
14533
14710
14589
14656
14637
14580
14566
14602
14576
14574
14547
14630
14599
14582
14667
14590
14555
14617
14588
14652
14652
14588
14610
14605
14673
14607
14589
14669
14637
14627
14642
14652
14592
14615
14540
14573
14673
14584
14588
14598
14565
14556
14556
14585
14570
14614
14660
14612
14589
14550
14580
14570
14588
14621
14606
14560
14574
14606
14672
14543
14613
14641
14521
14541
14549
14567
14617
14611
14587
14510
14561
14592
14587
14660
14557
14605
14637
14582
14586
14595
14586
14557
14533
14510
14622
14540
14532
14570
14589
14505
14570
14485
14584
14562
14465
14454
14674
14527
14548
14589
14654
14542
14595
14544
14565
14575
14491
14570
14597
14548
14587
14561
14513
14598
14534
14584
14562
14480
14556
14509
14560
14582
14465
14537
14598
14495
14566
14477
14597
14591
14496
14522
14595
14581
14541
14471
14440
14522
14583
14578
14509
14538
14570
14618
14588
14525
14582
14554
14516
14589
14558
14533
14538
14475
14524
14581
14535
14632
14502
14537
14530
14616
14506
14612
14540
14516
14530
14588
14543
14548
14512
14511
14594
14492
14508
14507
14518
14479
14568
14540
14559
14580
14506
14534
14466
14527
14497
14547
14510
14535
14504
14489
14523
14514
14418
14471
14504
14548
14540
14427
14521
14511
14555
14507
14542
14458
14556
14499
14489
14449
14449
14517
14501
14465
14560
14454
14544
14493
14566
14537
14502
14478
14607
14480
14423
14530
14472
14573
14545
14567
14509
14548
14485
14488
14548
14404
14513
14547
14623
14512
14445
14495
14511
14488
14510
14507
14450
14500
14462
14420
14518
14390
14489
14486
14533
14454
14504
14542
14480
14560
14513
14527
14458
14456
14455
14429
14569
14477
14522
14464
14412
14489
14517
14509
14416
14516
14436
14499
14461
14498
14530
14523
14421
14441
14524
14452
14430
14510
14517
14426
14459
14467
14471
14453
14478
14400