14905
14936
15001
14971
15019
15043
14947
14995
15037
14956
14961
14964
14955
14989
15001
14870
14982
14990
14995
14883
14898
14983
14953
15001
14968
14912
14943
14915
14986
15020
14975
14881
14868
14971
14981
14833
14925
14927
14932
14944
14844
14915
14910
14875
14932
14958
14961
14946
14982
14933
14962
14872
14944
14943
14915
14954
14930
14987
14894
14972
14945
14953
14994
14917
14993
14902
14969
14962
14903
14993
14876
14924
14924
14949
14904
14952
14838
14912
14944
14900
15008
14867
14954
15013
14969
14976
14986
14994
14863
14992
14853
14989
14928
14879
15010
14812
14975
14864
14912
15011
14890
14980
14938
14915
14919
14850
14801
14963
14948
14957
14896
14931
14895
14920
15010
14828
14939
14839
14954
14901
14909
14901
14860
14936
14867
14940
14985
14902
14880
14857
14894
14884
14923
14859
14919
14861
14814
14907
14877
14915
14911
14844
14925
14883
14778
14923
14947
14848
14879
14861
14910
14932
14866
14889
14879
14922
14916
14922
14840
14764
14887
14859
14916
14941
14887
14893
14892
14899
14891
14872
14881
14841
14946
14917
14930
14835
14992
14912
14859
14832
14852
14916
14950
14970
14913
14953
14859
14901
14908
14864
14881
14805
14967
14799
14852
14894
14905
14908
14779
14836
15089
14955
14909
14916
14901
14909
14883
15001
15009
15030
14925
14996
14986
14882
14960
14959
14819
14935
14959
14962
14873
14926
14885
14866
14963
14878
14932
14884
14913
14977
14907
14944
14935
14892
14948
14935
14934
14995
14929
14839
15014
14956
14897
15000
14957
14939
14826
14925
14919
14977
14928
14917
14873
14849
14829
14841
14878
14881
14885
14940
14929
14927
14951
14896
14899
14895
14894
14888
14960
14870
14813
14925
14935
14952
14867
14922
14868
14965
14879
14903
14839
14866
14950
14886
14941
14889
14870
14877
14831
14885
14911
14880
14914
14932
14884
14873
14847
14937
14911
14884
14861
14906
14910
14843
14881
14850
14883
14896
14853
14830
14851
14916
14912
14800
14808
14805
14897
14870
14841
14853
14929
14864
14883
14784
14869
14946
14928
14922
14869
14889
14866
14891
14927
14875
14848
14910
14890
14846
14855
14884
14836
14846
14811
14954
14930
14906
14873
14860
14918
14846
14888
14809
14832
14783
14863
14829
14930
14909
14853
14810
14813
14824
14839
14896
14803
14922
14912
14880
14850
14809
14792
14857
14972
14809
14841
14860
14825
14805
14903
14903
14928
14800
14906
14876
14784
14899
14871
14805
14815
14790
14789
14883
14889
14843
14800
14738
14742
14797
14732
14811
15685
15592
15581
15600
15534
15562
15630
15566
15491
15582
15587
15521
15557
15547
15523
15563
15496
15607
15548
15575
15578
15554
15520
15666
15536
15509
15521
15589
15561
15560
15545
15559
15470
15479
15522
15630
15576
15598
15554
15593
15492
15585
15617
15557
15566
15578
15572
15475
15480
15502
15566
15582
15518
15506
15556
15519
15455
15532
15488
15546
15574
15586
15513
15508
15606
15484
15641
15557
15499
15489
15539
15507
15595
15520
15499
15519
15516
15373
15496
15578
15575
15451
15526
15504
15531
15558
15555
15582
15512
15537
15622
15471
15527
15505
15513
15429
15538
15530
15556
15491
15521
15531
15466
15480
15500
15521
15518
15553
15475
15478
15522
15482
15535
15522
15501
15471
15451
15427
15450
15529
15450
15518
15484
15513
15437
15495
15544
15614
15515
15541
15542
15528
15538
15471
15496
15492
15538
15512
15525
15500
15503
15495
15497
15489
15428
15468
15523
15567
15522
15489
15479
15506
15561
15502
15503
15498
15495
15518
15550
15544
15485
15493
15538
15450
15485
15504
15467
15522
15407
15485
15383
15414
15510
15447
15492
15498
15455
15526
15493
15414
15495
15466
15514
15575
15451
15421
15557
15470
15512
15446
15505
15441
15436
15460
15486
15451
15438
15504
15576
15404
13991
14091
13999
13910
13972
13999
13992
14021
13960
13942
13977
13945
13979
13950
13980
13861
13961
13906
14033
13977
13935
13998
13956
13964
13943
13912
14032
13917
13940
13987
14050
13988
13939
13959
13959
13975
13965
14069
14058
14011
13970
13941
13933
14063
13912
13976
13910
13998
13905
13904
13874
13886
13944
13995
13972
13920
13918
13887
13901
13882
14020
13971
13975
13969
13925
13844
13955
13965
13920
13896
13931
14006
13948
13934
13992
13942
13849
13994
13959
13938
13934
13997
13992
13948
13903
14044
13933
13979
14036
13929
13914
13936
13989
13895
13964
13926
13853
13852
13902
13834
13936
13858
13826
13942
13921
13911
13822
13976
13866
13825
13934
13803
13791
13963
13894
13979
13899
13963
13906
13911
13878
13920
13947
13834
13851
13805
13817
13966
13912
13953
13870
13863
13891
13882
13832
13875
13841
13849
13990
13754
13993
13963
13885
13831
13919
13888
13908
13890
13869
13847
13921
13824
13855
13854
13900
13812
13845
13872
13773
13854
13802
13931
13915
13831
13946
13813
13862
13942
13840
13786
13930
13857
13764
13935
13899
13868
13834
13789
13859
13920
13843
13877
13821
13875
13988
13842
13836
13806
13816
13835
13811
13897
13824
13899
13839
13825
13780
13761
13806
14009