14913
14878
14847
14792
14925
14767
14967
14881
14900
14813
14781
14878
14907
14865
14860
14832
14752
14909
14864
14796
14806
14892
14797
14868
14712
14797
14758
14735
14809
14844
14773
14761
14714
14742
14788
14790
14723
14746
14858
14834
14739
14865
14796
14664
14906
14818
14839
14726
14817
14772
14727
14710
14818
14832
14859
14770
14861
14885
14838
14776
14800
14937
14828
14739
14889
14752
14788
14899
14876
14797
14728
14783
14799
14774
14720
14765
14818
14734
14831
14777
14788
14740
14856
14691
14782
14744
14733
14799
14794
14856
14738
14893
14799
14764
14847
14896
14731
14963
14820
14812
14802
14832
14994
14793
14843
14764
15007
14694
14846
14784
14712
14759
14803
14814
14673
14862
14854
14819
14815
14739
14821
14801
14685
14770
14851
14743
14773
14847
14881
14827
14726
14790
14847
14810
14933
14874
14885
14739
14978
14836
14930
14791
14834
14805
14879
14856
14986
14867
14887
14823
14751
14898
14857
14827
14764
14890
14881
14827
14922
14871
14762
14914
14864
14962
14913
14890
14782
14900
14922
14878
14963
15086
14985
14937
15041
14919
14992
14974
15042
14937
15042
15086
14980
15038
15119
15110
15018
15188
15053
14944
15198
15038
15100
14988
14954
15146
15115
15188
15164
15573
14366
14416
14419
14449
14468
14357
14368
14355
14350
14327
14462
14351
14381
14336
14393
14413
14380
14357
14424
14273
14409
14317
14332
14456
14339
14328
14411
14362
14297
14274
14349
14268
14437
14374
14285
14278
14319
14312
14232
14356
14357
14398
14333
14386
14401
14281
14338
14395
14336
14354
14288
14296
14246
14278
14268
14351
14325
14353
14352
14337
14309
14344
14283
14381
14420
14355
14368
14398
14262
14428
14254
14301
14339
14266
14249
14370
14318
14290
14359
14367
14373
14294
14420
14350
14366
14367
14338
14377
14307
14297
14311
14357
14321
14352
14321
14318
14277
14301
14403
14251
14281
14279
14317
14341
14388
14287
14348
14245
14328
14382
14395
14307
14283
14299
14307
14273
14294
14302
14349
14362
14363
14303
14347
14298
14331
14346
14343
14372
14283
14307
14374
14408
14407
14229
14347
14322
14280
14345
14291
14201
14342
14277
14376
14278
14302
14342
14279
14317
14362
14308
14322
14261
14351
14307
14306
14324
14340
14354
14285
14256
14370
14313
14323
14263
14357
14360
14368
14323
14342
14264
14317
14302
14254
14302
14373
14279
14257
14225
14298
14356
14185
14312
14341
14270
14250
14288
14310
14346
14252
14262
14350
14228
14282
14254
14277
14274
14277
14219
14263
14192
14370
14411
14428
14428
14407
14359
14429
14351
14387
14439
14311
14408
14297
14460
14362
14403
14293
14357
14423
14350
14343
14276
14383
14322
14328
14260
14316
14285
14315
14348
14344
14371
14366
14399
14315
14371
14242
14278
14309
14352
14321
14305
14366
14329
14262
14384
14316
14326
14318
14304
14386
14342
14211
14219
14336
14336
14372
14349
14278
14263
14393
14252
14345
14272
14372
14350
14260
14340
14250
14321
14337
14215
14301
14259
14301
14375
14321
14292
14266
14357
14268
14355
14300
14312
14292
14339
14250
14345
14269
14329
14237
14342
14350
14320
14352
14307
14362
14324
14219
14337
14253
14244
14310
14276
14219
14260
14295
14384
14280
14285
14302
14317
14232
14385
14361
14266
14256
14300
14392
14288
14242
14275
14301
14327
14345
14227
14327
14344
14276
14280
14280
14238
14264
14315
14315
14237
14317
14270
14265
14346
14325
14308
14319
14275
14366
14300
14301
14247
14277
14285
14296
14243
14167
14291
14202
14289
14356
14302
14287
14256
14197
14224
14259
14350
14200
14334
14299
14295
14280
14285
14237
14180
14299
14316
14204
14187
14334
14265
14207
14267
14296
14165
14279
14332
14188
14251
14279
14227
14311
14187
14347
14275
14234
14206
14285
14278
14198
14266
14150
14126
15011
14917
14907
14846
14870
14888
14802
14895
14788
14963
14798
14802
14847
14832
14874
14845
14881
14809
14824
14900
14877
14842
14836
14824
14882
14858
14905
14875
14935
14869
14797
14832
14819
14834
14801
14843
14888
14804
14868
14832
14876
14884
14910
14816
14903
14915
14881
14921
14919
14835
14859
14804
14863
14875
14884
14922
14924
14883
14863
14881
14827
14787
14790
14959
14894
14892
14894
14923
14861
14847
14894
14899
14773
14829
14882
14730
14917
14826
14809
14816
14824
14848
14769
14784
14759
14875
14859
14855
14868
14781
14837
14845
14956
14877
14809
14796
14819
14794
14812
14839
14800
14785
14742
14799
14783
14828
14921
14891
14718
14863
14762
14803
14834
14792
14809
14785
14789
14840
14821
14870
14890
14789
14755
14789
14749
14787
14808
14843
14859
14762
14755
14811
14867
14828
14862
14748
14775
14824
14808
14842
14786
14805
14885
14831
14813
14837
14864
14774
14770
14797
14840
14824
14751
14872
14856
14854
14799
14735
14773
14707
14771
14834
14819
14721
14794
14729
14789
14887
14791
14884
14864
14868
14787
14805
14812
14825
14848
14851
14780
14779
14794
14799
14814
14786
14865
14822
14807
14805
14809
14719
14790
14766
14770
14761
14784
14787
14745
14763
14849
14736
14948
14880
14936
15001
14963
14971
14874
14994
15017
14918
15010
14904
15009
14922
14937
14936
14953
14893
14944
14976
14866
15021
14912
14901
14969
14935
14956
14987
15037
15002
15046
15030
14974
14966
15038
14925
14979
14953
14998
15058
14923
14963
15052
14909
14887
14964
15037
14889
14954
15113
14914
15064
14969
15014
14950
15039
15003
14980
14900
14933
14871
14960
14983
14988
15006
14925
15024
15103
14953
14999
14959
14847
15011
14964
15095
14958
14847
15004
14904
14963
14900
15001
14934
14934
14993
14966
14959
15053
14989
15041
14943
14968
14964
14960
15094
15049
14901
15097
14926
14954
14953
14951
15035
15014
14963
15022
14963
15047
14996
14976
14960
14903
14919
15020
15159
15050
15045
14994
14952
15024
15085
15028
14992
15010
15045
15032
14944
15034
15140
14926
14989
15047
15056
14974
15066
15120
14954
14939
15009
14968
15016
15018
14933
14997
14996
15031
15017
15029
15017
15034
14964
15031
14999
15103
14985
14965
15051
15032
15064
15038
14954
15105
14997
15017
15028
14985
15076
14966
15025
15070
14959
14959
15026
15017
15068
15060
15049
15057
15066
15027
15013
15070
15036
14989
15081
15044
15042
15034
15000
15040
15134
15069
15027
15000
15066
15017
15110
15053
15014
15045