14530
14553
14558
14612
14609
14575
14571
14491
14550
14523
14544
14512
14618
14621
14585
14566
14497
14542
14536
14559
14585
14616
14464
14559
14570
14582
14586
14606
14507
14534
14532
14519
14551
14568
14540
14532
14594
14562
14524
14515
14550
14523
14536
14536
14570
14510
14479
14527
14540
14558
14534
14536
14579
14562
14579
14499
14500
14514
14451
14545
14566
14596
14576
14531
14515
14524
14469
14545
14498
14539
14557
14487
14502
14482
14533
14561
14403
14476
14575
14608
14616
14514
14493
14565
14612
14521
14480
14492
14535
14563
14519
14500
14383
14464
14373
14452
14458
14501
14383
14479
14537
14477
14495
14525
14482
14516
14551
14543
14530
14521
14490
14548
14407
14510
14553
14493
14485
14542
14465
14457
14460
14460
14567
14545
14539
14441
14520
14486
14491
14466
14444
14460
14519
14528
14409
14560
14461
14473
14494
14457
14537
14389
14464
14514
14449
14497
14476
14475
14530
14388
14531
14405
14446
14371
14484
14458
14514
14522
14618
14476
14448
14491
14430
14443
14569
14452
14473
14443
14447
14487
14426
14467
14458
14396
14519
14454
14397
14415
14325
14501
14471
14358
14380
14425
14393
14407
14440
14452
14466
14441
14453
14411
14471
14493
14446
14424
14455
14476
14505
14381