14578
14642
14661
14563
14635
14608
14587
14562
14617
14657
14595
14562
14623
14621
14589
14567
14571
14596
14594
14546
14479
14564
14593
14650
14617
14620
14628
14693
14569
14607
14594
14636
14635
14481
14564
14556
14602
14594
14640
14567
14516
14622
14601
14547
14580
14582
14592
14498
14559
14510
14623
14565
14614
14556
14625
14601
14610
14602
14528
14628
14576
14499
14531
14553
14488
14650
14549
14562
14567
14567
14538
14512
14520
14457
14600
14604
14597
14574
14568
14590
14577
14545
14562
14580
14539
14528
14537
14493
14646
14509
14485
14470
14654
14501
14535
14527
14634
14554
14487
14530
14598
14562
14559
14565
14638
14496
14527
14634
14553
14586
14528
14480
14470
14569
14522
14548
14549
14545
14537
14571
14574
14550
14489
14541
14514
14530
14513
14545
14599
14522
14484
14593
14411
14626
14534
14469
14516
14513
14560
14532
14518
14440
14614
14514
14513
14555
14519
14505
14500
14455
14539
14558
14420
14548
14631
14500
14497
14549
14527
14463
14447
14554
14528
14562
14471
14474
14508
14502
14441
14497
14478
14438
14534
14558
14512
14466
14504
14480
14469
14597
14498
14601
14476
14495
14514
14447
14508
14465
14541
14470
14490
14513
14472
14500
14487
14490
14473
14497
14435
14371
