14361
14337
14462
14410
14356
14362
14360
14352
14406
14270
14329
14390
14398
14355
14388
14384
14362
14415
14383
14393
14348
14329
14357
14387
14384
14339
14377
14329
14335
14312
14366
14411
14383
14335
14370
14389
14423
14371
14297
14357
14340
14371
14370
14336
14367
14357
14385
14382
14228
14328
14378
14337
14299
14307
14287
14355
14373
14352
14356
14347
14278
14315
14260
14402
14360
14334
14359
14344
14272
14345
14384
14284
14346
14318
14270
14377
14368
14276
14363
14337
14319
14386
14298
14330
14234
14318
14230
14325
14331
14226
14272
14249
14267
14348
14403
14306
14347
14306
14276
14362
14298
14248
14290
14312
14330
14310
14329
14286
14343
14305
14275
14347
14264
14188
14331
14377
14345
14337
14357
14286
14249
14341
14219
14329
14314
14287
14250
14300
14347
14250
14265
14264
14295
14267
14236
14285
14370
14286
14241
14308
14271
14251
14339
14274
14282
14245
14189
14205
14251
14209
14278
14232
14233
14213
14212
14330
14191
14254
14295
14307
14235
14216
14340
14215
14234
14241
14185
14303
14362
14245
14231
14314
14276
14317
14247
14284
14233
14296
14122
14282
14311
14244
14283
14204
14276
14166
14309
14299
14169
14242
14259
14181
14254
14221
14248
14217
14178
14185
14263
14207
