14688
14708
14606
14709
14736
14698
14672
14624
14654
14656
14691
14660
14701
14590
14715
14649
14653
14701
14609
14642
14673
14591
14695
14657
14658
14569
14621
14668
14636
14633
14613
14686
14577
14656
14650
14678
14664
14667
14595
14701
14641
14665
14668
14671
14599
14669
14549
14587
14632
14633
14621
14654
14713
14612
14610
14688
14694
14620
14648
14614
14615
14656
14557
14625
14606
14590
14640
14591
14653
14625
14686
14650
14661
14602
14623
14646
14649
14599
14684
14684
14566
14613
14657
14581
14608
14591
14615
14616
14606
14674
14575
14568
14590
14622
14694
14638
14673
14690
14632
14594
14621
14610
14578
14562
14533
14710
14589
14656
14637
14580
14566
14602
14576
14574
14547
14630
14599
14582
14667
14590
14555
14617
14588
14652
14652
14588
14610
14605
14673
14607
14589
14669
14637
14627
14642
14652
14592
14615
14540
14573
14673
14584
14588
14598
14565
14556
14556
14585
14570
14614
14660
14612
14589
14550
14580
14570
14588
14621
14606
14560
14574
14606
14672
14543
14613
14641
14521
14541
14549
14567
14617
14611
14587
14510
14561
14592
14587
14660
14557
14605
14637
14582
14586
14595
14586
14557
14533
14510
14622
14540
14532
14570
14589
14505
14570
14485
14584
14562
14465
14454
