14674
14527
14548
14589
14654
14542
14595
14544
14565
14575
14491
14570
14597
14548
14587
14561
14513
14598
14534
14584
14562
14480
14556
14509
14560
14582
14465
14537
14598
14495
14566
14477
14597
14591
14496
14522
14595
14581
14541
14471
14440
14522
14583
14578
14509
14538
14570
14618
14588
14525
14582
14554
14516
14589
14558
14533
14538
14475
14524
14581
14535
14632
14502
14537
14530
14616
14506
14612
14540
14516
14530
14588
14543
14548
14512
14511
14594
14492
14508
14507
14518
14479
14568
14540
14559
14580
14506
14534
14466
14527
14497
14547
14510
14535
14504
14489
14523
14514
14418
14471
14504
14548
14540
14427
14521
14511
14555
14507
14542
14458
14556
14499
14489
14449
14449
14517
14501
14465
14560
14454
14544
14493
14566
14537
14502
14478
14607
14480
14423
14530
14472
14573
14545
14567
14509
14548
14485
14488
14548
14404
14513
14547
14623
14512
14445
14495
14511
14488
14510
14507
14450
14500
14462
14420
14518
14390
14489
14486
14533
14454
14504
14542
14480
14560
14513
14527
14458
14456
14455
14429
14569
14477
14522
14464
14412
14489
14517
14509
14416
14516
14436
14499
14461
14498
14530
14523
14421
14441
14524
14452
14430
14510
14517
14426
14459
14467
14471
14453
14478
14400
