1352
1354
1368
1359
1333
1379
1372
1362
1311
1297
1310
1308
1341
1329
1323
1326
1411
1371
1358
1317
1373
1316
1318
1336
1393
1287
1329
1373
1297
1317
1376
1317
1359
1359
1376
1362
1305
1355
1387
1318
1345
1293
1320
1388
1354
1340
1351
1328
1334
1333
1384
1357
1346
1339
1324
1360
1352
1365
1291
1355
1331
1361
1352
1369
1342
1351
1367
1383
1344
1366
1358
1344
1363
1315
1327
1333
1370
1344
1354
1330
1400
1307
1324
1323
1358
1288
1327
1291
1437
1326
1337
1313
1335
1334
1382
1333
1333
1351
1362
1327
1384
1373
1399
1376
1379
1348
1278
1314
1359
1300
1345
1335
1330
1344
1260
1340
1336
1295
1320
1350
1305
1324
1340
1330
1363
1299
1337
1371
1366
1359
1261
1311
1349
1324
1373
1343
1298
1361
1360
1363
1318
1328
1359
1370
1319
1334
1385
1350
1362
1341
1313
1364
1337
1323
1300
1316
1299
1343
1291
1369
1384
1347
1316
1288
1320
1347
1360
1318
1336
1327
1320
1318
1354
1358
1371
1382
1317
1338
1305
1304
1325
1310
1336
1311
1286
1354
1312
1347
1293
1386
1365
1348
1418
1341
1291
1315
1293
1322
1295
1330
1395
1294
1331
1361
1302
1345
1312
1333
1343
1327
1300
1335
1376
1304
1361
1296
1313
1378
1335
1342
1370
1311
1335
1296
1364
1317
1358
1297
1319
1373
1326
1347
1342
1357
1341
1327
1401
1285
1362
1404
1304
1378
1348
1356
1318
1349
1337
1356
1344
1326
1305
1318
1342
1379
1315
1331
1327
1317
1342
1334
1324
1344
1282
1306
1354
1310
1328
1297
1319
1310
1358
1379
1371
1294
1329
1357
1341
1340
1319
1418
1271
1346
1311
1406
1353
1249
1340
1307
1312
1337
1361
1357
1341
1316
1341
1308
1387
1333
1342
1355
1353
1332
1348
1327
1269
1300
1347
1348
1338
1306
1354
1296
1373
1325
1335
1339
1302
1343
1336
1342
1348
1336
1343
1329
1276
1290
1406
1312
1377
1328
1349
1355
1334
1372
1362
1353
1331
1326
1335
1331
1284
1290
1364
1308
1338
1352
1342
1348
1317
1354
1379
1339
1351
1301
1327
1384
1313
1369
1326
1352
1351
1329
1328
1345
1396
1320
1356
1335
1364
1313
1300
1351
1313
1362
1264
1309
1301
1346
1332
1320
1337
1374
1346
1315
1341
1338
1353
1320
1362
1352
1343
1348
1327
1336
1331
1355
1327
1297
1324
1357
1289
1359
1284
1267
1348
1375
1337
1323
1351
1346
1343
1353
1320
1396
1346
1327
1298
1376
1352
1314
1307
1321
1257
1328
1320
1372
1336
1357
1333
1326
1393
1314
1335
1344
1333
1382
1305
1339
1369
1347
1363
1334
1328
1355
1346
1316
1369
1285
1311
1345
1420
1369
1340
1332
1344
1320
1342
1344
1336
1333
1360
1334
1352
1321
1348
1356
1347
1349
1347
1331
1338
1357
1351
1343
1357
1319
1329
1359
1314
1364
1344
1340
1298
1328
1318
1311
1363
1346
1312
1315
1371
1313
1315
1305
1348
1342
1341
1330
1309
1390