1627
1566
1581
1627
1634
1645
1629
1613
1599
1664
1620
1585
1620
1621
1589
1635
1573
1613
1612
1631
1606
1615
1645
1588
1615
1636
1586
1588
1571
1566
1641
1602
1569
1630
1643
1602
1598
1622
1618
1571
1619
1620
1645
1584
1607
1629
1603
1611
1631
1617
1628
1624
1611
1613
1619
1616
1594
1630
1641
1621
1614
1620
1640
1631
1613
1614
1608
1621
1614
1561
1652
1602
1620
1582
1627
1601
1594
1628
1606
1621
1633
1579
1615
1577
1598
1571
1624
1603
1596
1685
1596
1632
1626
1586
1640
1597
1566
1661
1608
1563
1570
1588
1633
1666
1607
1615
1626
1572
1634
1618
1602
1608
1618
1595
1619
1575
1607
1594
1616
1630
1572
1598
1611
1609
1585
1610
1583
1584
1567
1608
1575
1653
1609
1565
1591
1615
1618
1611
1600
1594
1648
1563
1629
1620
1583
1626
1615
1666
1634
1583
1596
1587
1572
1588
1618
1641
1593
1601
1626
1624
1566
1580
1616
1602
1639
1637
1642
1596
1604
1588
1647
1596
1596
1569
1612
1618
1586
1619
1669
1628
1615
1637
1606
1637
1603
1651
1639
1611
1616
1590
1609
1667
1558
1623
1639
1628
1646
1629
1583
1619
1636
1614
1592
1616
1603
1558
1603
1627
1646
1583
1606
1605
1602
1589
1604
1591
1600
1663
1588
1592
1615
1667
1601
1616
1604
1670
1580
1615
1642
1572
1599
1575
1605
1619
1612
1589
1582
1641
1617
1603
1616
1600
1588
1583
1617
1593
1631
1592
1600
1613
1634
1585
1593
1614
1573
1572
1649
1598
1603
1661
1598
1608
1602
1584
1634
1580
1607
1615
1627
1613
1619
1620
1584
1588
1614
1597
1610
1607
1618
1620
1630
1576
1565
1614
1617
1634
1620
1615
1622
1608
1597
1619
1602
1577
1594
1696
1620
1598
1657
1604
1633
1590
1605
1629
1628
1615
1603
1623
1639
1608
1584
1622
1607
1598
1650
1626
1590
1620
1594
1593
1629
1556
1597
1643
1638
1625
1581
1569
1597
1608
1612
1567
1614
1584
1618
1599
1633
1628
1578
1556
1605
1636
1562
1616
1586
1638
1655
1574
1645
1629
1607
1606
1543
1594
1619
1587
1582
1622
1615
1559
1536
1612
1654
1597
1622
1606
1608
1635
1611
1595
1560
1588
1590
1601
1630
1594
1543
1585
1608
1569
1622
1633
1612
1593
1610
1615
1606
1601
1617
1587
1590
1600
1593
1645
1589
1660
1583
1614
1614
1593
1594
1649
1593
1613
1615
1655
1636
1606
1567
1581
1570
1638
1648
1554
1609
1630
1655
1596
1616
1610
1577
1553
1601
1598
1605
1571
1589
1643
1594
1580
1628
1590
1592
1584
1649
1596
1617
1601
1610
1577
1637
1648
1586
1617
1644
1607
1625
1652
1641
1590
1575
1595
1632
1593
1577
1632
1596
1600
1575
1591
1605
1640
1611
1597
1629
1604
1622
1660
1631
1615
1620
1604
1640
1603
1629
1584
1566
1628
1608
1660
1623
1625
1662
1621
1617
1610
1630
1616
1639
1627
1600
1596
1578
1649
1639
1563
1586
1580
1599
1604